class PreflopNeuralDafish implements INeuralInfo {
private int[] layerSizeArray = new int[] {13, 27, 3};
private double[] weights = new double[] {10.906639224472439, 
-0.544917176456148, 2.6745119321156463, 3.0242946059762157, -0.5806577685928376, -2.0636465546732046, -2.82319733552216, 4.794954528958153, 6.168543440983307, -51.71915771117409, 51.013084757997284, 
8.144888454014437, -5.569461442653804, -17.577738178734844, 0.3635255782249208, -2.951057813331202, -2.8781844848006246, -4.629982243178816, 3.3644484682969114, 4.671490684779944, -8.311739304021291, 
2.73108063930258, 48.25383048038833, -61.66974469674256, 22.13974525304594, 6.589261719669427, 4.795565497933101, -2.333321793155695, -1.4926570611452854, -1.5856345006670043, 1.9712205967998975, 
3.172504513526033, -3.665218324928842, 2.7488560673884974, 9.630308337583289, -12.669121551221126, 10.577180416979123, -5.651251927870443, 2.3710728805160026, -11.743354012100303, -8.418834055210885, 
2.392517029482096, 2.4541724708038015, -0.19610936204321358, -5.853602721237985, 7.850003656320746, -3.843911778014388, 8.425941865760556, 51.8390669546942, -8.12133210156756, 10.618007537076549, 
-16.61254123243901, 16.450801726778856, 0.7274710005806105, -3.8104859283216834, -3.1177227487409027, -1.6550706206289696, 0.6211094443138375, -1.4193554394190409, -7.291826987149339, -7.655237721852957, 
-0.6173771954627364, 23.66784121482494, -46.57593781702429, 4.546441165352422, 6.404022660403675, 5.881912063628436, 9.210700002150618, 8.6211124894773, 11.598866277289975, 8.043400718312833, 
8.853204950980976, 10.28213374241645, 9.058172119080105, 11.255246419555606, -4.109385979393597, 4.8052658087558004, 5.261632567059907, 2.708292106434245, 3.3198916933257503, 0.8645043787908113, 
-0.6787413542644294, 2.7504952329987775, -3.4865013906199778, -2.800844059222461, -14.055841037337403, 18.439073178252134, 5.3287353233797425, -3.025657654636003, -0.5023151978710918, 0.41742800761569937, 
7.963014896621716, 3.5587871701954588, 7.206729537074932, 6.846692083489517, 11.056340415591096, 11.431779636374504, 7.8295218293487014, 7.419911732081206, 6.778978580244863, 10.622821291135095, 
0.745574401823549, 5.803482980055176, 8.17236532261879, 0.8533588089973839, -2.848902172528613, -1.5454839699618133, -0.0841035213616875, 7.762632826021049, -3.2219450134489156, 4.16664623711418, 
-9.561441051244389, 51.95597106482515, -4.330315350179404, -6.09618701099773, -1.659825267699055, -5.960834030221307, -3.149717000195769, 3.9857465769106803, -2.3275599777098868, -1.5549101827904974, 
1.612625463592548, 2.21666290744211, 0.7593889986392157, -4.522222346440409, -12.577573843199607, 12.869303723740355, -4.040937584648279, 4.146918263020777, 7.687464577273049, 6.424296779994135, 
1.248305596517044, 2.787376071140715, 2.5201377067302713, 6.827949163624801, 7.679215351673756, 2.1315687388367572, 4.6540098128369625, 2.502139396924825, 0.2568748130535365, 4.316304139637678, 
0.8966375755453275, 6.27065723211939, -5.786898705613434, 3.882916588416924, -3.051475254098592, -2.5817929737701024, -1.2097154513920754, -1.4857415603126696, -2.757210148541845, -3.549238179594397, 
-2.6437043670146347, -3.2389035873257863, 3.368878814131642, 0.41521409971789514, 5.0547809841846325, 4.288836786459865, 0.08216067282522317, 2.061653041876383, 1.9685697217037053, 6.059527102668487, 
6.762514165912115, 1.9462741723268757, 3.18196817169727, 2.727289199793277, -1.1719246720709593, 4.495111320897502, 0.3604166787782579, 4.852922030138406, 4.224729752620087, 1.145210419781059, 
-1.098646784842475, -0.6539188274037003, 2.6458126745084027, 0.05753062102947014, -0.3499636962445179, -5.9965543346460715, 19.74974609330413, 0.5327674984159969, 13.93985867452277, -24.764460144770407, 
1.8797011109924775, 10.614783465900578, -1.1642222529995416, -2.4162887394828365, -2.0576313259006773, -2.4786780168307585, 1.928012110326552, -1.0918696394005412, -6.386349076369946, -2.621915134725974, 
-2.9467636420230163, 8.917001429628462, -18.813411664629328, 2.7333034997181924, 17.765372073233323, -5.527482593162308, -3.776863163892009, -3.117736379871916, 5.165851038924604, -2.8427935233701813, 
-0.6163096381886032, -1.5196199603648757, -6.54900104133994, 1.2804896959020082, -0.9993666070773392, -30.48297847775424, -5.1705677648115245, -1.2298766459320496, -0.49126015577025933, -1.7382423320793632, 
-1.554430678847916, -0.522136911070236, -3.0340464999546954, 1.5676373147228615, 1.0438634209998308, 0.8277480844474854, 19.629334728946944, -22.323308953586395, 12.548495318342775, -2.0866897504833766, 
7.385582564615023, 2.429491502198759, 5.049763264499633, 4.825368271187059, 8.795454856478369, 9.725045478256938, 5.156498706959819, 6.004917486079182, 4.019585156052231, 6.408056691855749, 
2.2450749607215315, 3.667486397282828, 7.526866133510809, 10.555434326751087, 4.606305173607116, 8.400973637937687, 8.028182675024452, 11.556994473159692, 11.404716630208307, 7.19372743076574, 
11.064789087595353, 9.048565789889224, 7.867967030753591, 0.8952246075683837, 5.467997118123025, 8.155894683813155, -6.312321370749547, 3.463890873837405, -2.3166426914432194, -1.7774081947563227, 
-1.4215121202127643, -1.3812224756364846, -0.23910125255660644, -6.232488715175006, -2.301449049850197, 3.1801272906099816, 1.3613180410786696, 1.5881104768359602, 3.773691896837636, 1.274419421366978, 
3.883271943316332, 8.096498400616449, 7.788115002120478, 9.585724438127848, 8.268292960640048, 8.248690260209623, 8.776308898617259, 10.522380868099829, 11.82187156099001, -6.40208983608025, 
6.039104281319502, 4.1726866095445665, 6.51171907046979, 1.4443405461138772, 3.186373477401049, 3.092826383976192, 7.204684256137263, 8.164759774877853, 2.989208571568516, 4.927645918835377, 
2.707581654579518, 1.6646060522356005, 3.915975908004762, 1.608395101228881, 6.603170965472124, 15.742841723268755, -2.3613582966095685, -4.038016691430369, -3.722278368343693, -6.307001463116863, 
0.30807666199922584, -2.381825795831158, -7.836324984714227, 1.044497355236141, -3.282249309311252, 2.2984902589487364, -4.7788866305016136, 1.6155242879127092, -2.453489374623152, -0.27890835019123483, 
1.5217752736403851, 1.7792570296607508, 7.527353007221186, 3.901834727125275, 2.615582011358236, -1.3185354977444879, -6.8799401597133185, 4.1757537794422985, -0.23602804626342844, 0.5968129094662362, 
1.8256391846704174, 8.967606077559696, 3.794992844816073, 7.4694966951601405, 7.173220859517056, 11.050373248229812, 11.691527536630744, 7.6382994917656655, 8.623509326855253, 7.325753914693561, 
9.71515571762497, 0.8741240724983854, 5.766822609168009, 8.299709686576328, 4.566704001749819, -3.005502680577771, -1.236740737487059, -1.032798464377575, 2.066593401556716, 2.461853289796847, 
-2.9870230666898747, 2.6945381529248293, 9.278374110980636, -12.120422530672267, 12.729699461528677, -3.580077152023572, 0.594577590939554, -21.105537672249923, 13.074484595677655, -5.93899477849578, 
11.09574640590348, -8.075982929159014, 4.452627360028329, 9.750952792630237, 3.2855120056018166, -13.648248886052682, -4.777965082100842, 0.3541053920788951, -4.924897272565692, -0.46963646207468707, 
-0.5420747197265956, -5.589333842697025, -5.388616524706802, 6.6172492729455055, 2.086029940426669, 3.064461473948343, -3.494461250476904, 5.870517603933017, 0.7453744595664806, -4.9747670965398525, 
1.3068995752066492, 3.170247811570883, -4.067074348596605, 3.3202553870107923, 15.016091115194381, -12.884843946219961, 1.573973558452614, -7.837754300895839, -10.670016807188672, 1.4960069603900212, 
7.867495182007591, -0.4014911233486375, -12.061330634087854, -8.98162903216468, 0.40900909673638963, -3.4216651984275805, 0.08071361499074951, -5.34821179762446, -4.972193617688546, -7.500748976930434, 
-3.3413712507996434, -0.1508259300514279, 1.5424539850490973, -6.735070961486621, 1.906306430296497, 0.20658101806967194, -0.6583987495705782, -5.504576128041048, 0.13843617086203497, 1.0891477974430972, 
-0.15818326818365247, 18.054696075939944, -8.381916598988822, 0.3663862473431222, -0.5334389370739697, 14.028331271398308, -7.501642064115011, -13.70191953414202, -4.965757459876657, 16.128497635005036, 
12.98079135914553, -2.6699886515519697, 7.077115917070602, -1.1874505168805018, 6.989911176102333, 1.812993647770269, 11.322136748470914, 1.182348843999689, -3.9816832507044757, -7.082715485632195, 
9.903221020878823, -6.506540955099131, -2.9248026722612788, 5.016316948133035, 3.2230294298797313, -5.5954270382114055, 2.9548239268401297, -4.943689016452995};
public int[] getLayerSizes() {
return layerSizeArray;
}
public double[] getWeights() {
return weights;
}
}
